5555515 -

543 547 562 sentit quam mule 551-
5516751155). 12 5111155 551 155
151115 quaestus 5555 5555 habeas

' parcere 381 cf. 628 51155 51155
25 cs. 35 102 106 1015) 143 168
192 222 255 259 280 322 323 385
393 335 401 432 435 439 454 462
436 507 551 573 584 638 641 650
670 ente quum 313 3714395115.
39 prius quem 395 511 eliud . .
quem 425 perdidisse mellent 5555
accepisse 479 2

inimicum 5511111515 humilem 255 cs.
501 quamuis 55515551568

5551155 conspicit 659

5115515 551151, teuto nequior 33
51561578

quusi praesens 674

spes querellae 712

55 555 11511 poeuis 55511203 cf.
384* 557 608 5555 1555115 iactum
queri 546

hominum questu 153

555 55115 551 litigat 12 cf. 32 46 51
55 58 64 66 67 37 98105103116
158 161 166 170 179 182 205 208
219 235238 251 264 306 310 316
321 336 348 386 391 398 460413
414 415 420 421 444 451 455 467
476 489 493 439 500 503 505 506
510 513 523 524 528 529 533 ’534
535 537 533 540 541 542 543 544
545 552 558 552 554 558 574 605
616 618 626 649 671 672 673 675
677 692 598 699 701 703 app. 177Ι
(bie) 55111155 551511551 55113 cf.
206 211 286 322 332 463 614 idem
511131 527 15 55182 285 111 555
5111251 cuiue 90 4446) 518 551
88 106 112 113 258 333 352 436*
51151 525* otest) 55515 173 136
271 338 359 366 434 519 520 553
557 601 612 623 ub ec, 55555
209 1115 , . 555 peccet 515 260

493

573 574 509 628 (bis) 648 6594*
656 omne, 5555 cupiditas flagitat
302 cf. 477 514 15 5555 522 555
51115 epus 55144* cs. 123 166 boue
51155 1155155111 72 51. 452 55 quae
424 55556515 5515 cernes 55155-
155 270* 5555 5511 403 per 5555
515 15155 472 multe 5555 nequeas
peti 487

obliuisci 551 515 15255111ἰωί55εεί
55115151260

mulus quicumque 376 5555555-
que 5155555115555 5111 51151555·
115155 290 5555555555 5551511
199 5555555555 55155512

quilibet rumor 17 quodlibet telum

5515 . . 55115155311555155 551551·
555 531 cs. 588 quern 711 refert
111 5555 partem intellegite 542
obliuisci quid eis 152 cf. 5655111).
62 5515 55515115 (bis) cf. 25 375*
382 (511) 460 480 663 555 5555-
115*2 563 555551555155503

51 5515 174* 51 quem 120 siquid
iuuet 344(*) 5551 5515 5111515511-
555 551525*

1155 .. 55155555 433 cuiquam 119
5555 5515555111 incipies 111

5555 5515555 5111111556

55155515471 55155515 5555111320
344 373 502 536 538 548551 620
55155515 pessis perdere 3 230 509
530 550 581

551515 119 551515 55151136 555515
peruenit 513

5555555555 490 583

5555555555 436*

toqippe . . quotiens 215 quotiens

155155

15 pere 88573581 occasionem cu·
pier, uon rapiet 55551 app. 257*
5155 .. ruptum uenit 137

rere 503 app. 217

5115 551151 . . 15515 app, 42 5 qpo
684 5111 156 330 555 664* ( ’5)
quibus 7071551. 12 55115 351532 5551151572
5515 . . 55115 54 cs. 76 236 312 ratio 5155155151. 243* 1511555 ..
315 340 547 51155 388 cf. 632 55 5155511511 55515555565 551669
555 384 ex 555 610 quoti 111 cs. 111511 15155 191*

0 113 138 176 131) (bu) 263 326379(*) 55511515,15555155 difficiles 1151151
393 468 415 455 466 501 568 511 446
516 521 526 565 535 674 675 bc· recipit app. 17 5511565111. . reci·
115111 5555 63 144 134 138 362 447 pit 51 recipit contumelium 240
517 606 686 511511 15551152 cf. 16 15515515 666
137 1520) 172 239 263 235 300 15515 15511 23 38 387 15515 pree·
314348 381 403 413 418 432 507 5151515555 14815515 putee 474
(bis) 508 531 546 554 555 567 572 quemuis uon 155155 . . 15515111 pu·

15155 . . 15555 318 15155 cese

 

