CONSPEOTVS METRORVM

Sonarii iambici a) integri (uei
paene integri uel saltem cum in·
tegris coniuncta frusta iambica):
Enni 2Naem' 1284. 1184. 14
18 19 84* 20 21-24 27-29 32
4ω96649900
-74 83 sq. 94 95 96-98 99-102
106 117 120 125 135136 Aquili
1-9 10 Licini 1 84. Caecili 1
2 3 7 118414 15 1884. (*) 22
-24 25 26 2884. 3084. 32 33 36
9494949943
84. 66 sq. 74 77 78 80 (post sep·
tenarium iamb.) 82 85 86 87 88
90 92 104 84. 110111 84. 124 84.
126-128 131 135 136 84. 139 sq.
156 158--162 163 166 167 169-
172 173-175 176 177 18184. 184
186 84. 193 84. 196 19784. 199 -
209 216 220 228 232-242 243 sq.
247 249 250 sq. 259-263 264 268
270 973 84. 976 quenti 2-4
8 84* Lusci 1 84, Turptii 1
84. 3 484. 1415-17 19 84. 21
84. 28 94 95 96 84. 98 99 sq. 31
37-39 40 41 50-53 54 55 56
4960906404
79 80 81 84 90 84. 92-94 100 84.
123 sq. 127 84, 129-131 133 136
136-138 142-144 145 146 147
169163 16784. 170 176 84. 177 84.
179 180 182-184 19484. 199 84.
444444448
Pan. inc 9-4 6-8 9 84. 16 16
18 19 21 22 26 30 36 45 48 49 51
-55 56-58 62 757677 78 7980
81 82 83 80. 85 844. 88 89 95 96
-99 103 77101114 15 84. 21 22
sq. 94 84. 39 84. 34 84. 36 39-
41 11¹ 84, 69 66 84, 67 84, 74 84.
8184. 83 85 95-97 98 99 84, 105
109 842 124 84. 133 134 138 84,

Μ46Η444οΜ4

18184. 183 Attae 1 8 sq. 10 sq,

4006οΗ941966
044οΜ944Ὴ94
444444444

219 84. 223 230 236 84. 240 241 84. ι

943 84. 246-247 248 84. 960 969
253 254 84. 258 34. 960-262 263
966 966 84, 968 969 979 84, 274 sq.
276 278 282 84. 284 2882 291 84.
998 84. 302 84. 306 307 308 84.
310 84. 312 313 84, 315 316 320
324 325 334 836-338 339 - 311
343 344 345 350-352 364 sq. 358
360-362 363 sq. 366-368 371 372
374 376 84. 378-382 383-386
44444444
444ωω4440
Pomp. 484. 8 84, 1084. 191484.
ΜΨ4Ἇ4Ἡ4949
sq. 48 84. 61 84, 71844. 8984. 81
86 105 84. 11584. 197 84. 129142
ηψ64ω4οη9
Νο011 11 19 1932843484.
40184. 49 47 6384. 7999106168
84. 110 sq. 113 sq. 117 Mummi
9-4 Atellam. inc. 1 6 84, La-
beri 10 10 84.(*1 9184. 94 84. 96
99-89 49 84. 44 84. 49 sq. 63 66
62 6661126784. 72-79 83 88 91
98-121 125126127-130111-
143 118 Valeri 1 Publili 2 3-
18 19 84. Syri 1-32 34-68 60
-89 91-98 101 103-125 127
144 146-154 166-183 186 188-
197 199-905 207 210 211-210
242-214 246-250 252 264-268
265-320 322-325 327-357 301
380 383 386-391 393 -430 432-
438 440-443 ι145--478 iso-23:¹1
520-535 537-550 552 554-5611
562-582 585-606 607-626 697
4Μ4μ4444ω
607 84. 670 679-671 677-681
683 84. 686 688 691-693 140411
1 sq. mim. 0000, 68

12 84. 14 15 84. 17 Afrani 2 5 Inter hos Graecanici num:

619 884. 10 84. 16 90 sq. 96-98
99 31 33 84, 36 36 46 84. 47-49
60 62-61 66 84, 67 84. 69 sq. 61
-68 616768 69 84. 72-74 78
81 89 83 84-86 93 sq. 99 101-
ΜΜΜΨΗΜΜΜ4
190191 199 84. 19184. 127 84. 199
444444444
163166-16816984. 16184. 163106

Naeui 22 23 79 84 96 135 Aquili
56 Licini 1 Caecili 16 16 98 89
88 90 131 162 198 207 sq. 214
‘283 ‘273 73414011 3 29 33 53 56
65 92 146 153 167 183 205 pail.
inc. 6 8 18 9980 1861 63 76 ῑῑ
79 8488 Titine· 39 11Ι 62 131
181 „irinc 15 84. Afranii 9 33 36
46 48 50 57 59 82 113 115 1:¹1

 

