496 subest - tegit

511-6511111 quod subest 263 49 2182614116 467* 5551675 luit
successumnon 1151151517 · 389 396* futurum 551 548 5555
succumbit 555. 222 succumbit 1511151555. 254 esse 35 359 396
tempori 219 15155155 succumbere 572 577 (515) 593 655 677 7111
462 emor 5511111555
55555555 515155 555. 162 summissum imperium 599
meminit sui 266 sibi 13 273 3116 55515155 locus 431 5655515555 lo·
321 415421 483 556 562 661 664 55111426 summos 424 5515155 te·
615 619 sibimet 537* 55 58 64 meritas 555. 328 summum 548
116 158 166 177 266 317 336 334 summum imperium 339
368 466 464 473 (476) 524(*) 545 sumptum 764
566 562 591 614 698 5555 584* 5555551 15155515 cogitatio 151
555151 654 672 15 55 5555115115 234 bostem superat 251 superare ini·
cs. 466 511 55 rediit 273 adse re· micum 678 55 555555515155111 177
1551 354 1551 prae se 216* secum 55555551 5 superiore 681
332 346 355 55555555 669 opp. 176· superbi 94
111 sulco 633 superior 236 6591* 661 superiori
511111 55 155* 5511 6 7 8 11 14 26 666 5 superiore 681
(bis) 29 33 (bis) 34 [37] 44 (bis) libertati ..superstitem 1155, 216
45 47 43 49 56 54 56 666162 supersum superest miseris cogitn-
63 68 73 76 83 86 87 96 162 163 115 151*
1114166167 169 116 118123 124 supplicem 655· 632
(bis) 125 128 132 (bes) 134 (bis) supplicium 1155. 236 sibi ipse 1151
1351311143 145149 153 154 155 supplicium 6111
166 161 164’ 169 171 172175183 5555115555 666661
184185 186187 189 194195 196 supprimitur 63
198 266 261 262 263 265 266267 55551515 7619686
269 211 213 217 226 221 222 225 55551515555 679*
227 2311 231 234 237 239 241 244 5555155155 16
247 256 254 256 258 276 275 276 55511551 526 sustineantur 72
276 282 283 289 1515)·15511112115 5515 parcere 665 cf. 393 amittit
2963116362 366 312 314 315 316 51155 215 555 5551151 677 culorum
(bis) 317 319 322 325 3273211342 511551 267 ct', 455 miseriae 55115
343 345 349 353 358 illiti* 362 365 14 umbram 511515 153 11543 555
(bis) 367 372 374 376 rtis) 377 381 55555316 11515511 ,. 555 696 suu
384 388 396 392119 397 461 4114 nature 337 cs. 6113 5555 51555 599
411 413 415 436 431 432 439 442 suum uitium 156 cf. 264 214 662
444 456 451 454 458 462 466 469 5515 555115 66
476 47116131 473 -475 476 482 483
496 497 498 564 5115 511 517 518 15551 595 769 lucere 314 app. 1211
(bis) 519 522 525 ibis! 531 537 543 183· tacuisse 1155. 163 1555511155.
:illi 547 548 519 551 555 557 5611 75* 15555115 353
562 5115 566 5113 569 573 578 (bis) 155115 . . irasciturus·
581 582 583 585 586 588 597 6611 taciturnitas 627
663 6114 666161516681616611 616 tacitus . . inimicus 1155. 56 115·
621 623 624 625 6311631 (bimum 1115155 155115 6511 155115 iniuria
637 (brt) 6511651 656 65711611663 6865 tacitum tormentum 443
666 668 669 674 678 (1111585551 1515 15155 ..quam 381⁸ nullu 1555
682 683 6114 61111 691 663 1155. 1771 11555 5511551555, 115 qus nil pos·
st 7113 1155, 77¹ 1151115 extra cor· sis queri 384 1515 11551 sucro quod
pus 551 11111151 264 115511 551 155- 1151151, 5115111555115551151151628
tuere 255 cs. 313 486 plurimi 551 etsi .. 1555511 347 51.. 1551511564
5111155111 2511 1555 ignominiae 551 quanto ,. 15515 nequior 33 cf. 561
292 rs. 486 492 morri 5111515 51115 578
551311 555 11511151115 cst 1114 cf. 11151156851155. 283*
118 463 594 627 11111111 593 5551 1551155115 1155, 227
115 276 373 452 659 636 515 tl tarda 555. 215
213 472 652 699 11555 515 635* 511 tegit 496

 

