6016066118 1161301111
1Μο0000000

00000000
mmmwmmmm
mmmmmmfflm

000000οΜοΜ0
’ 1 32 106 111 Labe-ri 21 16 1112

103 104 128 Publili 6010 Syri

41417 34 37 3833 50 0206
70 73 74 75 76 77 73 80 83 84
33 36 104 108 110 122 128 130
131 133 133 133 157 153 103 164
103 173 131 135 3115 310 335 330

343 343 350 350 258 201 307 303
370 374 370 373 383 331 331336

W

118-1201 148151 157 1581111000.)
153 160-163 163 165 185-188
(18161000.) 10600. 200 211 212·
Ρο11. 100. 130 60 00. Titini 44
(0001 sept. 110011.) 46 (item) 67 53
63 103 106 107 00. 103 001 113
120 sq. 12100. 144 14100. 112ί
Attae 7 18 Afrani 1 40 00, 100
103 164110-112 104 001 )227
328* 251 (Graec.) 304 288(*) 317
319 322 326 360 00. Pomp. 43 60
133 166 161 161 Noui 3 00. 66
88 80 00. Laberi 13 38 00. 66(*)
138 Syri 666

338 303 306 315 316 323 326 341 8001000111 iambiriaiintegri:

342 341 361 362 366 366311 313
383 301 400 403 404 406 410 411
412 410 423 420 430 432 434 436
438 440 461 463 461 468 416 411
418 400406 406 401 400 606 612
616621620 632 630 661666 661
668 612613 616 611 600 686 688
601 608 600 612 616 611 610 631
643 646 640 661 663 661 668 610
610601 Lucili 100.

‘²³ 1111 911 1111· <1:211
20 00. 64 00. 16 106 00, 122 00.

Naeui 82 108 -110 120 Caecili
11 002 18 001 34 00* 61 00.
73 168 180 185 136 334 tq. 333
11110111 423 111 111 Pan. inc. 11
(Graec.) Titini 3 26 21 37 00, 03
sq. 111 11200. 161 168 Attae 3
24 1 (ι’ 1000.) Afrani 32 66 110 00.(*)
136 136 1111000.) 140 00. 14300.
232 00. 267 306 366 00. 410 (Graec.)
mmmmmmmwm
30 00. 63 6100. 1101ίο01 1 La·
beri 1600. 2100. 131 Mim. anon.
300.

26400. 200 00, irruenti 6 00. Tur· 0) frusta: Naeui 0 (ante 00100.

pits 13 11600. 16600, 180 00, Part.
100. 28 00. 41 00, Titini 88 00.
0100, 11100. 142 00, Afrani 13
23 00. 16 001 214 221 204 00.
418 410 423 00. Pom». 30 3100.
18218311οι11 68 00. Mummi 6 sq.
Laberi 4 00, 11 00. 40 00, 6100.
06 00.

101116.) 30(*) (ante 110011.) caecati
268 211 sq, Turpili 82008606
(ante 00100. iamir) 106 00, 154
Pan. 100. 1310. Titini 4 001 6 00.
8 10 12 00. 168 00, 116 Afrani
224 sq. Pomp. 10 00. 13 120 Noui
871 00 Laberi 46 861 144 Ma·
10 111

Initia uersuum iambicornm: lambieornm 001 septenario·

1111041148 43 80 113 133 111111 4
Caecili 6 13 10 17 138 110² 331

261210 1100011 12 18 32 33 43 -

00. 160 112 181 Pan. inc. inc.

rum uel octonariorum iui-
tia: Naeui 59 11410111 210 (pont
00100.) Titini 20 64 86 00. Afrani
318 Laberi 140

31132Τ1110113101133132136 clausulae 1010610001 Cae·

162 114 1801111002Λ11001 1 62
30 143 155 ‘29¹2 303 305 333 331

0111100 (post 60001000) T 41101111
141 (item)

211 331 422 Pomponi 26 44 66 Septenarii trochaici. 0) 11110-

68 121 134 11110110010111101100.
100. 2 4 Laberi 14 18
00100011110061014110014.
Naeuia 10 (pont 000100.) 1316
0οη000οω00
114 Atili 1 (0100000100) 000-
0111· 0 00. 41(*) 64 00, 68 00* 00
1111 00. 116 118 00. 100 102 216
260 100011310110 0001. 110011.)
31 36 sq. 46 46 00. 48 00, 68-60
62 00, 60 00. 86 06 (post 000100.)
00 101 100 sq. (110 Graec.) 113 00.

gri (uel paene integri 001 cum in·
100110 coniuncta irunta): Liutl
2 Enni 3 6* Naeui 6-1 10 00.
ωο0000000
66 16-10 81 86 81 88 00. 02 00.
11160. 113 115 116 118 136 83. ·
128 130 00. Trabeae 1-ss Caecii
4 6 8 (Graecanicas) 2146 4100.
0000000000
81 01 05-01 100113 114116
123 sq. 132 00, 113-1143 147-
150 16400. 183211-2111211 Grat-

 

